0.9702484607696533
0.7730896472930908
0.7710171937942505
0.7847506999969482
0.7725675106048584
0.7734999060630798
0.7899995446205139
0.7728019952774048
0.7682101130485535
0.760357141494751
0.782821536064148
0.7771976590156555
0.7667574882507324
0.7778470516204834
0.7768548727035522
0.769026517868042
0.7838677167892456
0.784390926361084
0.7811604738235474
0.7759349942207336
0.787132978439331
0.7604966163635254
0.769343912601471
0.768139123916626
0.7571045160293579
0.779530942440033
0.7710407972335815
0.77977055311203
0.7563709020614624
0.7688189744949341
0.761465311050415
0.7802295088768005
0.8017555475234985
0.7652854919433594
0.7791075706481934
0.7755080461502075
0.7564176321029663
0.7805067300796509
0.7700448036193848
0.774666428565979
0.7754902839660645
0.7668496370315552
0.7646277546882629
0.7803150415420532
0.7774266004562378
0.7867189645767212
0.765631914138794
0.7880868315696716
0.7734963893890381
0.768828272819519
0.765453577041626
0.7724782824516296
0.763470470905304
0.760831356048584
0.761656641960144
0.7656004428863525
0.770633339881897
0.7770964503288269
0.7655028700828552
0.7935156226158142
0.7784785628318787
0.7549998760223389
0.772446870803833
0.9703248739242554
0.7701729536056519
0.7825031280517578
0.7780117988586426
0.7800540328025818
0.7833480834960938
0.7584524750709534
0.7792650461196899
0.783097505569458
0.7814304232597351
0.7573952674865723
0.7657515406608582
0.7610942125320435
0.7662007212638855
0.7528586387634277
0.7710323929786682
0.7839446067810059
0.7673177719116211
0.774601936340332
0.7877494692802429
0.782591700553894
0.7647743225097656
0.7656893730163574
0.7809637784957886
0.7779474854469299
0.7609761357307434
0.767045259475708
0.7651987075805664
0.782407283782959
0.7698113322257996
0.7657829523086548
0.7624572515487671
0.7720950841903687
0.783073902130127
0.7757388353347778
0.7868645191192627
0.7632931470870972
0.776188850402832
0.780121922492981
0.7631565928459167
0.7812374234199524
0.7842972874641418
0.7774789333343506
0.7656809687614441
0.7745897769927979
0.7797200679779053
0.7727699279785156
0.768822968006134
0.779361367225647
0.7835426330566406
0.7657927870750427
0.7674942016601562
0.7846623063087463
0.7657321691513062
0.7620761394500732
0.759848952293396
0.7695056200027466
0.7750663161277771
0.7626699805259705
0.765163004398346
0.781743586063385
0.7698071002960205
0.7671167254447937
9.9214506149292
7.0844902992248535
7.1464667320251465
7.0157623291015625
7.058608531951904
6.9077982902526855
6.9021992683410645
7.025395393371582
7.009963512420654
6.837585926055908
6.958376407623291
7.075582504272461
6.967838764190674
6.977553844451904
7.047337532043457
6.880958557128906
6.971877574920654
6.902420997619629
7.009394645690918
9.865403175354004
7.026984214782715
7.181429862976074
6.987847328186035
7.009006500244141
6.987610816955566
6.8213582038879395
6.795787334442139
7.008477687835693
6.89656925201416
6.835010051727295
7.019967555999756
6.822678565979004
6.963005065917969
7.022770881652832
7.212268829345703
7.024061679840088
6.932307720184326
6.919740200042725
6.823276996612549
9.939894676208496
6.968647480010986
6.961777687072754
7.041253089904785
6.86025857925415
6.717346668243408
6.773620128631592
7.018887519836426
6.973616123199463
7.025393962860107
7.016641616821289
6.865119457244873
6.820944786071777
6.92737340927124
6.930871963500977
6.961917400360107
7.062098026275635
6.970293998718262
7.002145290374756
6.916967391967773
6.8841729164123535
6.82464599609375
6.924488067626953
6.812783241271973
6.990566730499268
6.966659069061279
7.011622428894043
6.960129261016846
6.904487133026123
6.979331970214844
6.944047927856445
6.962259769439697
6.925288200378418
6.856265068054199
7.016411781311035
7.037888526916504
6.948803901672363
7.011673927307129
6.988454818725586
7.022555351257324
7.029272556304932
6.823763370513916
6.877539157867432
6.921300888061523
6.868417263031006
6.928514003753662
7.019579887390137
7.061717510223389
6.9981184005737305
6.965434551239014
7.018370151519775
6.933859348297119
6.880616188049316
7.003767490386963
6.932712078094482
6.941708564758301
6.846006393432617
6.685382843017578
6.907505035400391
6.864562511444092
6.954041957855225
6.903024673461914
6.956745624542236
6.93053674697876
6.783952236175537
6.8519158363342285
6.840462684631348
7.047642230987549
7.056264877319336
6.676457405090332
6.751306533813477
6.970083236694336
6.938697814941406
7.037147521972656
6.931931018829346
6.959830284118652
6.860313892364502
6.993067264556885
6.789738655090332
6.970036506652832
9.84683609008789
6.552649974822998
6.185647964477539
5.979551315307617
5.750086784362793
5.326051235198975
4.986655235290527
9.849319458007812
7.114723205566406
6.314478397369385
9.843461036682129
9.843877792358398
6.641979217529297
9.84367847442627
6.840832710266113
6.052126884460449
5.760828971862793
5.705079078674316
5.2450714111328125
4.911427021026611
4.885342121124268
4.417624473571777
4.209095478057861
4.253052711486816
3.967365264892578
4.063122272491455
4.064380645751953
3.860808849334717
3.680615186691284
3.9748706817626953
3.575425386428833
3.6693198680877686
3.5502777099609375
3.527056932449341
3.4997756481170654
3.2797629833221436
3.316143035888672
3.5916028022766113
3.3859989643096924
3.3444087505340576
3.262690305709839
3.3423538208007812
3.332993984222412
3.4241225719451904
3.3670897483825684
3.0906262397766113
3.303284168243408
3.211359739303589
3.1660122871398926
3.240332841873169
3.2082736492156982
3.147866725921631
2.9794013500213623
3.2336535453796387
3.081481695175171
2.9770548343658447
2.9206151962280273
2.9607064723968506
3.0024101734161377
3.0174965858459473
2.9801604747772217
2.884049415588379
2.946401357650757
3.081078052520752
3.0069284439086914
2.881744146347046
2.865804672241211
2.6695268154144287
2.893461227416992
2.842862844467163
2.9025418758392334
2.8901476860046387
2.7262160778045654
2.841325521469116
2.790422201156616
2.859090805053711
2.7256205081939697
2.6802217960357666
2.747169017791748
2.733610153198242
2.6603996753692627
2.7212188243865967
2.6550679206848145
2.5915846824645996
2.7678110599517822
2.7308831214904785
2.6237475872039795
2.748487949371338
2.638063430786133
2.523118019104004
2.5559942722320557
2.588066577911377
2.540137529373169
2.582158327102661
2.5409252643585205
2.504969358444214
2.5698108673095703
2.573162794113159
2.5193283557891846
2.522692918777466
2.6571807861328125
2.5351109504699707
2.5001494884490967
2.29962420463562
2.698944568634033
2.440638780593872
2.437864303588867
2.5050508975982666
2.487783432006836
2.460798978805542
2.4951605796813965
2.4452340602874756
2.482642650604248
2.4501547813415527
2.371060371398926
2.537330389022827
2.5147042274475098
2.3162007331848145
2.3254966735839844
2.3024561405181885
2.2226481437683105
2.3503377437591553
2.326349973678589
2.3790323734283447
2.374767780303955
2.2237648963928223
2.232957601547241
2.362292528152466
2.2873153686523438
2.3893821239471436
2.380376100540161
2.3700225353240967
2.2334303855895996
2.177050828933716
2.2824389934539795
2.243710517883301
2.244217872619629
2.285429000854492
2.3500876426696777
2.1943135261535645
2.1790077686309814
2.166644811630249
2.187394857406616
2.125380277633667
2.265850067138672
2.1408891677856445
2.189648151397705
2.4250261783599854
2.1891930103302
2.24163556098938
2.3615739345550537
2.146348476409912
2.100616693496704
2.1455845832824707
2.1492114067077637
2.1902027130126953
2.0223209857940674
2.095059633255005
2.133805274963379
2.0956099033355713
2.2578423023223877
2.104039430618286
2.2102816104888916
2.109881639480591
2.102541446685791
2.0982587337493896
2.0944430828094482
2.217860698699951
2.2986419200897217
2.2188286781311035
2.2941861152648926
2.328155279159546
2.0582377910614014
2.042515277862549
2.2268309593200684
2.0661470890045166
2.0222487449645996
2.027860164642334
2.181382179260254
2.0660431385040283
2.102813482284546
1.969038963317871
2.1383109092712402
2.178323984146118
2.1474385261535645
2.0450689792633057
2.0384316444396973
1.958675742149353
2.0406723022460938
2.0143370628356934
2.0670831203460693
1.984259009361267
1.933495283126831
1.8858814239501953
2.1520354747772217
2.3460164070129395
2.0400795936584473
1.971504807472229
1.9421393871307373
2.0038070678710938
2.0224530696868896
1.9967763423919678
1.9638952016830444
1.9853242635726929
1.968286156654358
1.8898913860321045
2.0371193885803223
1.9400625228881836
1.9244022369384766
1.953120470046997
1.9289472103118896
1.9549219608306885
2.0519235134124756
2.0175621509552
1.8984546661376953
1.9972223043441772
1.8543150424957275
2.049319267272949
1.9934585094451904
1.9049148559570312
1.939395546913147
1.8776881694793701
1.9987999200820923
1.8841400146484375
1.9727067947387695
1.8836352825164795
1.966997504234314
1.9438221454620361
2.0500807762145996
2.112164258956909
2.090067148208618
1.9626867771148682
1.9583570957183838
1.9697942733764648
1.9286413192749023
2.188330888748169
2.077523708343506
2.0155210494995117
1.9855953454971313
2.0592589378356934
1.878664255142212
1.9633378982543945
1.9148145914077759
1.7816522121429443
1.8376805782318115
1.883297324180603
1.8311246633529663
1.8883947134017944
1.848152756690979
2.0072853565216064
1.8677539825439453
1.8720829486846924
1.853163719177246
1.8451147079467773
1.8025963306427002
1.8914821147918701
1.8662974834442139
1.8132054805755615
1.6827163696289062
1.8576799631118774
1.7907565832138062
1.771209478378296
1.9473631381988525
1.8574645519256592
1.885300874710083
1.7308450937271118
1.7572495937347412
1.8674758672714233
2.0479044914245605
1.9781062602996826
1.7906821966171265
1.9398033618927002
1.8707726001739502
1.8064062595367432
1.7832672595977783
1.8995544910430908
1.8400812149047852
1.7181810140609741
1.812028169631958
1.7438039779663086
1.6412265300750732
1.8573858737945557
1.763135313987732
1.9019895792007446
1.9015944004058838
1.7968578338623047
1.74601149559021
1.8579527139663696
1.7318044900894165
1.955330491065979
1.790799856185913
1.8369413614273071
1.7156578302383423
1.8602817058563232
1.8350929021835327
1.7660528421401978
1.8652725219726562
1.8686981201171875
1.7554807662963867
1.7393052577972412
1.7519176006317139
1.8245471715927124
1.896807312965393
1.9408609867095947
1.9113523960113525
1.9926106929779053
1.7256183624267578
1.8525692224502563
1.6562223434448242
1.8233935832977295
1.7187420129776
1.828702688217163
1.8765045404434204
1.7826591730117798
1.779067039489746
1.731439232826233
1.705715537071228
1.8004462718963623
1.750370740890503
1.71724534034729
1.6093194484710693
1.7725532054901123
1.7106678485870361
1.6862131357192993
1.7642743587493896
1.6796985864639282
1.7511425018310547
1.7083978652954102
1.6195886135101318
1.6537303924560547
1.80068039894104
1.8426411151885986
1.8285601139068604
1.9492470026016235
1.7938257455825806
1.7191025018692017
1.715445876121521
1.7260456085205078
1.5883777141571045
1.8527107238769531
1.7915887832641602
1.609863519668579
1.6963627338409424
1.8069547414779663
1.7155258655548096
1.736599326133728
1.9010673761367798
1.7501767873764038
1.8419983386993408
1.7243191003799438
1.8267745971679688
1.7195602655410767
1.7849838733673096
1.6822315454483032
1.7482147216796875
1.6076033115386963
1.783408522605896
1.7592732906341553
1.7942912578582764
1.7092880010604858
1.7154369354248047
1.6835086345672607
1.6255184412002563
1.654528260231018
1.6956831216812134
1.666643500328064
1.6623855829238892
1.6588246822357178
1.685172438621521
1.760900855064392
1.628045678138733
1.7772948741912842
1.781436562538147
1.7828699350357056
1.8942188024520874
1.8200277090072632
1.7302463054656982
1.7552179098129272
1.6365200281143188
1.637036919593811
1.5846437215805054
1.54806649684906
1.733890175819397
1.8589742183685303
1.794194221496582
1.6316614151000977
1.6992237567901611
1.7009820938110352
1.7735655307769775
1.7289364337921143
1.6648616790771484
1.6777347326278687
1.678328275680542
1.647378921508789
1.6991081237792969
1.6931564807891846
1.5971254110336304
1.6522178649902344
1.6548328399658203
1.5358422994613647
1.5581178665161133
1.4804362058639526
1.5964465141296387
1.6315076351165771
1.6015174388885498
1.6907627582550049
1.4969274997711182
1.671095609664917
1.6422971487045288
1.6900705099105835
1.583178997039795
1.595589280128479
1.6547743082046509
1.6726900339126587
1.6894553899765015
1.5974225997924805
1.7245200872421265
1.6884397268295288
1.6539415121078491
1.6852600574493408
1.7773412466049194
1.667428970336914
1.63730788230896
1.7479232549667358
1.5951564311981201
1.8094110488891602
1.9269520044326782
1.7087666988372803
1.769428014755249
1.508620262145996
1.5628048181533813
1.561109185218811
1.536257028579712
1.586362600326538
1.586113452911377
1.645009994506836
1.5641764402389526
1.5985177755355835
1.583782434463501
1.6168785095214844
1.6780647039413452
1.616571068763733
1.509973406791687
1.6722514629364014
1.671429991722107
1.8209441900253296
1.5920007228851318
1.561239242553711
1.4934239387512207
1.5960924625396729
1.6033236980438232
1.5691907405853271
1.544769048690796
1.582367181777954
1.5703788995742798
1.5146853923797607
1.5937387943267822
1.7418009042739868
1.656214714050293
1.5701651573181152
1.5142409801483154
1.5534775257110596
1.6289002895355225
1.6549546718597412
1.7657854557037354
1.6531991958618164
1.5475751161575317
1.660051941871643
1.4705747365951538
1.6612727642059326
1.5706942081451416
1.6046323776245117
1.7287189960479736
1.6310176849365234
1.5988671779632568
1.6098155975341797
1.7227890491485596
1.6621440649032593
1.8031021356582642
1.6543623208999634
1.6764942407608032
1.6354442834854126
1.6289453506469727
1.6507641077041626
1.54721999168396
1.4614900350570679
1.5693095922470093
1.5068504810333252
1.614349365234375
1.498690128326416
1.560776948928833
1.6511482000350952
1.5941498279571533
1.751137375831604
1.6881691217422485
1.6874046325683594
1.6402626037597656
1.5528565645217896
1.5684192180633545
1.4535653591156006
1.716300368309021
1.5806620121002197
1.7996995449066162
1.6962066888809204
1.6186192035675049
1.5734641551971436
1.6275746822357178
1.6039031744003296
1.5969434976577759
1.565181016921997
1.5067204236984253
1.5927094221115112
1.565641164779663
1.931484580039978
1.7826073169708252
1.6209341287612915
1.5708801746368408
1.6691665649414062
1.5594427585601807
1.482662320137024
1.6871459484100342
1.5412471294403076
1.4267985820770264
1.5157203674316406
1.5502839088439941
1.4117215871810913
1.4582148790359497
1.5892328023910522
1.5233161449432373
1.4997705221176147
1.5364108085632324
1.4889514446258545
1.6129724979400635
1.4575878381729126
1.5702002048492432
1.5842385292053223
1.5233540534973145
1.5879909992218018
1.5414270162582397
1.6898609399795532
1.6655263900756836
1.6736396551132202
1.6595109701156616
1.5732555389404297
1.5700113773345947
1.5666346549987793
1.5866925716400146
1.6282230615615845
1.436668038368225
1.5867681503295898
1.5924843549728394
1.4987142086029053
1.4332557916641235
1.4952634572982788
1.6342260837554932
1.761865258216858
1.7056668996810913
1.652483582496643
1.5711309909820557
1.5323898792266846
1.6893136501312256
1.5071089267730713
1.5655592679977417
1.5598825216293335
1.5807392597198486
1.562746524810791
1.462417483329773
1.4886857271194458
1.5055491924285889
1.4327609539031982
1.5016109943389893
1.5678060054779053
1.5637195110321045
1.592072606086731
1.5903198719024658
1.5329234600067139
1.4989550113677979
1.427935242652893
1.6456559896469116
1.6452308893203735
1.6872087717056274
1.5642169713974
1.536695957183838
1.60199773311615
1.650978684425354
1.4498077630996704
1.501701831817627
1.4435608386993408
1.5181783437728882
1.4667232036590576
1.5189436674118042
1.4550755023956299
1.7124013900756836
1.770501732826233
1.8545652627944946
1.6873595714569092
1.8361772298812866
1.6723979711532593
1.5409929752349854
1.5861687660217285
1.5518357753753662
1.7359018325805664
1.6797806024551392
1.5893661975860596
1.5813959836959839
1.594010591506958
1.630951166152954
1.5423967838287354
1.5265371799468994
1.4679811000823975
1.5064412355422974
1.4959354400634766
1.3870694637298584
1.4700946807861328
1.4544637203216553
1.496732234954834
1.4295496940612793
1.4107520580291748
1.5369224548339844
1.5122010707855225
1.5318505764007568
1.3865370750427246
1.4458640813827515
1.4525965452194214
1.520738124847412
1.457572102546692
1.621681809425354
1.5831544399261475
1.4840426445007324
1.523971438407898
1.614823579788208
1.5142546892166138
1.3595942258834839
1.4823620319366455
1.5958153009414673
1.577309489250183
1.4301612377166748
1.5091361999511719
1.5083105564117432
1.458751916885376
1.4638004302978516
1.5048675537109375
1.5956988334655762
1.4173040390014648
1.631304144859314
1.585121512413025
1.5543122291564941
1.5132777690887451
1.5847982168197632
1.687623381614685
1.6266740560531616
1.5532695055007935
1.3816499710083008
1.425408959388733
1.5569329261779785
1.5035144090652466
1.5113282203674316
1.470707893371582
1.4574071168899536
1.5042847394943237
1.5990574359893799
1.6032384634017944
1.5849862098693848
1.614147424697876
1.3845396041870117
1.4400193691253662
1.5011773109436035
1.8706554174423218
1.5846980810165405
1.5846961736679077
1.6175413131713867
1.5608361959457397
1.4833099842071533
1.4593534469604492
1.843566656112671
1.7036116123199463
1.6639387607574463
1.5631500482559204
1.530267357826233
1.4631500244140625
1.5075758695602417
1.6016919612884521
1.5775883197784424
1.5922402143478394
1.5018326044082642
1.4194072484970093
1.3296115398406982
1.3640121221542358
1.5017430782318115
1.4421944618225098
1.4684340953826904
1.5740641355514526
1.5105665922164917
1.5634582042694092
1.5837597846984863
1.5106775760650635
1.6415910720825195
1.4856963157653809
1.4644320011138916
1.5573689937591553
1.5076607465744019
1.4552814960479736
1.3828988075256348
1.4784557819366455
1.4134910106658936
1.4440234899520874
1.377716302871704
1.5063050985336304
1.376063585281372
1.4805667400360107
1.511876106262207
1.4837592840194702
1.4711203575134277
1.5132910013198853
1.4214316606521606
1.4880677461624146
1.4008162021636963
1.4391374588012695
1.5567429065704346
1.4462800025939941
1.360368251800537
1.4971078634262085
1.6144447326660156
1.5004301071166992
1.6029698848724365
1.5521633625030518
1.4708588123321533
1.4319322109222412
1.5960204601287842
1.599962592124939
1.5410836935043335
1.6103878021240234
1.5828438997268677
1.4638032913208008
1.6460230350494385
1.4287588596343994
1.6389751434326172
1.576686143875122
1.4880194664001465
1.6497857570648193
1.4774856567382812
1.4883166551589966
1.8779525756835938
1.5997004508972168
1.4626820087432861
1.6081655025482178
1.6162599325180054
1.562100887298584
1.5328012704849243
1.5331227779388428
1.4516322612762451
1.593878149986267
1.6057010889053345
1.404090166091919
1.4795936346054077
1.4598190784454346
1.4332807064056396
1.467348575592041
1.6902010440826416
1.4233996868133545
1.441224217414856
1.485740303993225
1.418406367301941
1.466030478477478
1.4605939388275146
1.371884822845459
1.410125732421875
1.342101812362671
1.4405832290649414
1.3656171560287476
1.4418165683746338
1.3303391933441162
1.4157720804214478
1.464289665222168
1.5238659381866455
1.570746898651123
1.5789047479629517
1.4869134426116943
1.4821891784667969
1.424764633178711
1.4499843120574951
1.4573537111282349
1.4307596683502197
1.3754823207855225
1.4832026958465576
1.402045726776123
1.4209918975830078
1.565904974937439
1.5326931476593018
1.4677045345306396
1.4319508075714111
1.466296911239624
1.3950458765029907
1.4783589839935303
1.414628267288208
1.2798877954483032
1.4348700046539307
1.304795265197754
1.3087389469146729
1.3478858470916748
1.4070260524749756
1.437990427017212
1.3892829418182373
1.3941478729248047
1.3883309364318848
1.4761419296264648
1.5556634664535522
1.5049010515213013
1.5855013132095337
1.8509674072265625
1.952828049659729
1.7451997995376587
1.6757714748382568
9.903416633605957
7.176535129547119
6.892604827880859
7.022824287414551
7.286646366119385
7.201949119567871
7.019453525543213
7.108153343200684
6.970487117767334
7.075453281402588
7.17422342300415
6.994032859802246
7.004254341125488
7.215085029602051
6.895097255706787
6.86002254486084
6.974525451660156
6.920574188232422
7.001605033874512
9.820602416992188
7.044997215270996
6.076133728027344
5.414087295532227
5.238488674163818
5.113853454589844
4.908710479736328
4.9801411628723145
4.814942359924316
4.799983024597168
4.656495571136475
4.747823238372803
4.7019124031066895
4.718199253082275
4.617871284484863
4.537585735321045
4.541194915771484
4.521605491638184
4.450954437255859
4.53568172454834
4.317800998687744
4.413820266723633
4.438551425933838
4.540884494781494
4.47615385055542
4.453238487243652
4.411779403686523
4.429422378540039
4.294610500335693
4.501996994018555
4.297827243804932
4.391463279724121
4.434408664703369
4.387710094451904
4.404110431671143
4.39064359664917
4.408489227294922
4.402651786804199
4.267036437988281
4.415580749511719
4.353686332702637
4.417130470275879
4.401224136352539
4.340970993041992
4.376707077026367
4.417220115661621
4.309988975524902
4.292675971984863
4.218116283416748
4.4064741134643555
4.305075168609619
4.299492359161377
4.218591213226318
4.268707275390625
4.350877285003662
4.3793487548828125
4.233558177947998
4.242794036865234
4.337395668029785
4.19175386428833
4.201820373535156
4.343779563903809
4.300372123718262
4.262129783630371
4.255755424499512
4.265903949737549
4.281540393829346
4.318329811096191
4.206366062164307
4.280463218688965
4.258278846740723
4.2860565185546875
4.25574254989624
4.204099655151367
4.153685569763184
4.239140510559082
4.241272926330566
5.138979911804199
4.887942314147949
4.831817626953125
4.673314094543457
4.702204704284668
4.626759052276611
4.694482326507568
4.743466377258301
4.704300880432129
4.591507434844971
4.761974811553955
4.7871246337890625
4.682814121246338
4.718766212463379
4.7482218742370605
4.746492385864258
4.532132148742676
4.594360828399658
4.431367874145508
4.832003116607666
4.6618242263793945
4.490187644958496
4.568331241607666
4.496061325073242
4.688014030456543
4.664006233215332
4.763169288635254
4.701208114624023
4.683636665344238
4.590378761291504
4.636605739593506
4.552529811859131
4.51871395111084
4.7434587478637695
4.712044715881348
4.602097511291504
4.552964210510254
4.605560302734375
4.7081098556518555
4.617237567901611
4.615833759307861
4.681903839111328
4.5974321365356445
4.75567626953125
4.619768142700195
4.534109592437744
4.706672668457031
4.690005302429199
4.5469069480896
4.852428436279297
4.6249799728393555
4.709094047546387
4.610019683837891
4.583828926086426
4.590182781219482
4.685658931732178
4.687291145324707
4.633275032043457
4.601022243499756
4.589089393615723
4.6955671310424805
4.683883190155029
4.628251075744629
4.572720050811768
4.549108028411865
4.614403247833252
4.594823360443115
4.754580974578857
4.512245178222656
4.600559234619141
4.643841743469238
4.592534065246582
4.675473213195801
4.785435676574707
4.70052433013916
4.51959753036499
4.654946327209473
4.715121269226074
4.570442199707031
4.7494215965271
9.887994766235352
7.007591247558594
5.947464466094971
5.58604097366333
5.3124284744262695
5.138913154602051
5.162346363067627
4.93059778213501
5.088693618774414
4.942517280578613
4.880862712860107
4.944632530212402
4.840261936187744
4.953564167022705
4.982209205627441
4.816750526428223
4.713307857513428
4.834003925323486
4.91603946685791
4.715786457061768
4.761834144592285
4.783176422119141
4.736243724822998
4.695317268371582
4.801623344421387
4.774949073791504
4.757085800170898
4.827258110046387
4.646817207336426
4.770057678222656
4.758066177368164
4.74907922744751
4.762765407562256
4.739048957824707
4.8409600257873535
4.59678840637207
4.6732401847839355
4.762784004211426
4.734760284423828
4.703096389770508
4.796474456787109
4.603785514831543
4.720190048217773
4.668200492858887
4.755131244659424
4.662555694580078
4.667643070220947
4.792882442474365
4.569944381713867
4.623945236206055
4.715005874633789
4.631222724914551
4.6515421867370605
4.75911808013916
4.644530773162842
4.807891845703125
4.797730445861816
4.689542770385742
4.658646106719971
4.74693489074707
4.7324910163879395
4.6229753494262695
4.676117420196533
4.617881774902344
4.58830451965332
4.612669944763184
4.743171691894531
4.600046634674072
4.926175117492676
4.703006267547607
4.6096320152282715
4.562434196472168
4.526859283447266
4.563780307769775
4.775685787200928
4.723416805267334
4.659621238708496
4.619792938232422
4.558838844299316
4.507349491119385
4.649783134460449
4.80757999420166
4.725193500518799
4.578197002410889
4.850876331329346
4.487124919891357
4.64707088470459
4.495328903198242
4.745588779449463
4.605775356292725
4.732893943786621
4.737856864929199
4.608286380767822
4.675388336181641
4.638027191162109
4.490135192871094
4.616119384765625
4.552918434143066
4.598689556121826
4.759218692779541
4.6593546867370605
4.664209365844727
4.752758026123047
4.553553581237793
4.6164727210998535
4.705430030822754
4.808346748352051
4.668447971343994
4.676238536834717
4.740478992462158
4.657282829284668
4.798862457275391
4.654929161071777
4.542004108428955
4.659112930297852
4.741210460662842
4.541979789733887
4.508935928344727
4.651730060577393
4.564316749572754
4.590434551239014
4.583016872406006
4.642151832580566
4.622986793518066
4.496036529541016
4.731740951538086
4.697978496551514
4.643448352813721
4.53704309463501
4.670385360717773
4.5858941078186035
4.642006874084473
4.704893112182617
4.605770587921143
4.575821876525879
4.756249904632568
4.498225212097168
4.749175071716309
4.7227277755737305
4.583293914794922
4.74492883682251
4.496107578277588
4.663741588592529
4.581547737121582
4.584254264831543
4.66764497756958
4.569136142730713
4.772826671600342
4.546188831329346
4.502808570861816
4.4572649002075195
4.538364887237549
4.700810432434082
4.506159782409668
4.539905548095703
4.5376505851745605
4.609724998474121
4.563449859619141
4.669473171234131
4.448966026306152
4.766275882720947
4.535947799682617
4.4032440185546875
4.541566371917725
4.487256050109863
4.524984836578369
4.451018333435059
4.636358737945557
4.40902042388916
4.455752372741699
4.6162214279174805
4.524661064147949
4.346571922302246
4.605681896209717
4.684638977050781
4.556255340576172
4.503032684326172
4.484255790710449
4.500580787658691
4.551072120666504
4.64229679107666
4.6055121421813965
4.6340508460998535
4.501223087310791
4.642119884490967
4.57147741317749
4.579807758331299
4.649739742279053
4.603005409240723
4.524413108825684
4.694035530090332
4.579163551330566
4.722355842590332
4.566249370574951
4.599939346313477
4.525197505950928
4.637225151062012
4.558304786682129
4.669133186340332
4.474709987640381
4.7591471672058105
4.641661643981934
4.589635848999023
4.69779109954834
4.618247032165527
4.573361873626709
4.509873390197754
4.4690937995910645
4.456624984741211
4.597866058349609
4.481139659881592
4.646451950073242
4.624072074890137
4.4858293533325195
4.540650367736816
4.599081993103027
4.480123996734619
4.488311290740967
4.573816776275635
4.6593403816223145
4.613165855407715
4.495291709899902
4.7285966873168945
4.581740379333496
4.6712117195129395
4.504144668579102
4.609985828399658
4.508817672729492
4.530146598815918
4.62362003326416
4.500466346740723
4.663596153259277
4.564341068267822
4.651535511016846
4.523426055908203
4.606162071228027
4.435020923614502
4.567704677581787
4.521409511566162
4.4842987060546875
4.585013389587402
4.549098014831543
4.511944770812988
4.487529277801514
4.537501811981201
4.484380722045898
4.482862949371338
4.679198741912842
4.3857316970825195
4.503504276275635
4.675951957702637
4.55396842956543
4.629525184631348
4.542769432067871
4.6102986335754395
4.727169513702393
4.532008171081543
4.589249610900879
4.52388858795166
4.59774112701416
4.535275459289551
4.715580940246582
4.632891654968262
4.6519951820373535
4.530380725860596
4.571265697479248
4.534314155578613
4.50343656539917
4.571435928344727
4.539069175720215
4.581630706787109
4.604837894439697
4.567433834075928
4.570995807647705
4.509281635284424
4.606096267700195
4.529272079467773
4.578722953796387
4.6201171875
4.7524871826171875
4.636086940765381
4.5500335693359375
4.536135673522949
4.587287902832031
4.5469770431518555
4.611305236816406
4.540640354156494
4.566004753112793
4.570366859436035
4.470427513122559
4.555475234985352
4.628918647766113
4.680079936981201
4.543204307556152
4.501712322235107
4.566770076751709
4.615074634552002
4.449571132659912
4.585144519805908
4.434112548828125
4.673377513885498
4.573950290679932
4.474234104156494
4.668341159820557
4.508635997772217
4.556914806365967
4.46563720703125
4.598275184631348
4.5626630783081055
4.607458591461182
4.620351314544678
4.554993629455566
4.672442436218262
4.596124172210693
4.512276649475098
4.451791286468506
4.697161674499512
4.5846123695373535
4.5240607261657715
4.659337043762207
4.546782493591309
4.4902873039245605
4.4723124504089355
4.580269813537598
4.604995250701904
4.550853729248047
4.652093887329102
4.39646053314209
4.6067633628845215
4.41439151763916
4.504096508026123
4.488489151000977
4.568129062652588
4.487706184387207
4.477672576904297
4.478939056396484
4.520435333251953
4.573182106018066
4.726037979125977
4.614364147186279
4.618140697479248
4.511913299560547
4.472816467285156
4.581233024597168
4.451667785644531
4.618767738342285
4.505278587341309
4.615781784057617
4.498076438903809
4.532114505767822
4.525115013122559
4.504444599151611
4.58317232131958
4.442204475402832
4.429201602935791
4.455018043518066
4.546609878540039
4.639452934265137
4.624804496765137
4.558839797973633
4.629852294921875
4.5611653327941895
4.546332836151123
4.607929706573486
4.443912982940674
4.589367866516113
4.5522003173828125
4.615801811218262
4.420741081237793
4.4920759201049805
4.467310905456543
4.566704750061035
4.559859275817871
4.362293243408203
4.499752521514893
4.427627086639404
4.4137773513793945
4.574473857879639
4.655764579772949
4.426956653594971
4.385146141052246
4.46690034866333
4.601645469665527
4.634117126464844
4.597742557525635
4.569838047027588
4.4740705490112305
4.802001953125
4.520594120025635
4.545302391052246
4.635628700256348
4.642456531524658
4.6369452476501465
4.469733238220215
4.672595977783203
4.531371116638184
4.512139320373535
4.586890697479248
4.624427795410156
4.545952796936035
4.616302490234375
4.543080806732178
4.54404354095459
4.668951511383057
4.553232669830322
4.512164115905762
4.616454601287842
4.505650520324707
4.62570858001709
4.477106094360352
4.591643333435059
4.508904457092285
4.597895622253418
4.473405838012695
4.5474162101745605
4.537961006164551
4.561420440673828
4.526958465576172
4.46460485458374
4.5276198387146
4.528223991394043
4.481574535369873
4.499160289764404
4.578022003173828
4.55517053604126
4.518527984619141
4.6249165534973145
4.560688495635986
4.486649513244629
4.714566230773926
4.598659038543701
4.433850288391113
4.5772705078125
4.599543571472168
4.480965614318848
4.710415363311768
4.447602272033691
4.578701972961426
4.4979939460754395
4.6528449058532715
4.459885120391846
4.509990215301514
4.564539909362793
4.5771050453186035
4.576706409454346
4.461793899536133
4.5247931480407715
4.5996832847595215
4.5984416007995605
4.520566463470459
4.44761848449707
4.619437217712402
4.5866827964782715
4.503838539123535
4.6663899421691895
4.53958797454834
4.476408958435059
4.5751519203186035
4.659323215484619
4.517871856689453
4.449587821960449
4.500476360321045
4.5444111824035645
4.40527868270874
4.4971113204956055
4.492325782775879
4.541479587554932
4.525162220001221
4.413581848144531
4.5512847900390625
4.513640403747559
4.587894439697266
4.551893711090088
4.453619956970215
4.572499752044678
4.3437180519104
4.586752891540527
4.623068809509277
4.551892280578613
4.509003162384033
4.543262481689453
4.549798011779785
4.651711940765381
4.436507701873779
4.395112037658691
4.5943779945373535
4.4969682693481445
4.600365161895752
4.684872627258301
4.544617176055908
4.445267677307129
4.653737545013428
4.66798734664917
4.6167449951171875
4.524118423461914
4.389812469482422
4.643534183502197
4.5559844970703125
4.485287666320801
4.646848201751709
4.460521697998047
4.581937313079834
4.469479084014893
4.55206823348999
4.559974193572998
4.487305164337158
4.477394104003906
4.665596961975098
4.610928058624268
4.490555763244629
4.506285667419434
4.536623477935791
4.562764644622803
4.546847343444824
4.612072467803955
4.620669364929199
4.518158912658691
4.532759189605713
4.621453285217285
4.416540145874023
4.513237953186035
4.530645370483398
4.515413761138916
4.579680442810059
4.453800201416016
4.6234307289123535
4.513001441955566
4.530873775482178
4.453189373016357
4.616696357727051
4.3540544509887695
4.614795684814453
4.599884986877441
4.608756065368652
4.517695903778076
4.533823490142822
4.654809951782227
4.6252546310424805
4.429810523986816
4.533294677734375
4.443269729614258
4.523545265197754
4.509720802307129
4.5585479736328125
4.484853267669678
4.599250793457031
4.579576015472412
4.485067367553711
4.439877510070801
4.485986709594727
4.437169075012207
4.496138572692871
4.46583890914917
4.382111549377441
4.509637832641602
4.570246696472168
4.4770307540893555
4.591153144836426
4.504755973815918
4.433920860290527
4.549057960510254
4.514385223388672
4.654116630554199
4.449597358703613
4.68111515045166
4.438347816467285
4.566722393035889
4.439165115356445
4.503951072692871
4.527274131774902
4.644715309143066
4.503295421600342
4.544878959655762
4.474167823791504
4.689976692199707
4.65175199508667
4.475736141204834
4.5893754959106445
4.407050132751465
4.442502021789551
4.560534954071045
4.50489616394043
4.50588846206665
4.499619483947754
4.500165939331055
4.542325019836426
4.576325416564941
4.649676322937012
4.451407432556152
4.554643630981445
4.55490779876709
4.483916282653809
4.650240898132324
4.6888346672058105
4.615664482116699
4.518929481506348
4.638149738311768
4.643441200256348
4.461902618408203
4.4432783126831055
4.553336143493652
4.595396041870117
4.591326713562012
4.475186347961426
4.512238502502441
4.51978063583374
4.581621170043945
4.575040340423584
4.446095943450928
4.447481155395508
4.406439304351807
4.502926349639893
4.548618793487549
4.3819684982299805
4.533158779144287
4.4663591384887695
4.588675498962402
4.476466178894043
4.386040687561035
4.512938976287842
4.4308013916015625
4.576186656951904
4.608752727508545
4.6106181144714355
4.455184459686279
4.5390520095825195
4.7010498046875
4.576564311981201
4.606604099273682
4.647125244140625
4.606878280639648
4.434436321258545
4.549330234527588
4.569338798522949
4.535187721252441
4.57049560546875
4.593179225921631
4.602173805236816
4.558124542236328
4.570347785949707
4.539903163909912
4.5586419105529785
4.55877685546875
4.62478494644165
4.510773181915283
4.629883289337158
4.406674861907959
4.5307297706604
4.5968780517578125
4.52504825592041
4.711383819580078
4.462269306182861
4.493724822998047
4.589329719543457
4.6996588706970215
4.537683010101318
4.5185065269470215
4.602826118469238
4.541101455688477
4.4916815757751465
4.372124195098877
4.476449966430664
4.4865312576293945
4.453566551208496
4.509799003601074
4.523018836975098
4.414760589599609
4.568268775939941
4.596928596496582
4.6058173179626465
4.508196830749512
4.370378017425537
4.594898223876953
4.604139804840088
4.4224748611450195
4.529496669769287
4.601910591125488
4.3903703689575195
4.483511447906494
4.531400203704834
4.605047702789307
4.52614164352417
4.512221336364746
4.588541507720947
4.566633224487305
4.588780403137207
4.565675258636475
4.572891712188721
4.602637767791748
4.520660877227783
4.571938514709473
4.521374225616455
4.556844711303711
4.679896354675293
4.557567596435547
4.620847225189209
4.453597068786621
4.498312950134277
4.502190589904785
4.488880634307861
4.545777797698975
4.512702941894531
4.479347229003906
4.542893886566162
4.518937587738037
4.631911277770996
4.502673625946045
4.437219619750977
4.536362171173096
4.421332836151123
4.573372840881348
4.57118034362793
4.5113091468811035
4.4817728996276855
4.4613142013549805
4.58114767074585
4.696366310119629
4.458044052124023
4.613168716430664
4.394576072692871
4.586655139923096
4.528282165527344
4.630363941192627
4.5710673332214355
4.606235504150391
4.6744771003723145
4.410005569458008
4.5738959312438965
4.59980583190918
4.496021270751953
4.466022491455078
4.601197242736816
4.594684600830078
4.402053356170654
4.579283714294434
4.456534385681152
4.553021430969238
4.471700191497803
4.575709342956543
4.663771629333496
4.537845611572266
4.6406426429748535
4.629149436950684
4.553124904632568
4.590664863586426
4.511878967285156
4.597736835479736
4.593773365020752
4.5988922119140625
4.511239051818848
4.506805419921875
4.6309099197387695
4.522438049316406
4.4560651779174805
4.673220634460449
4.578804016113281
4.595737457275391
4.559252738952637
4.297240257263184
4.535916328430176
4.3311567306518555
4.511359214782715
4.657782077789307
4.597379684448242
4.644847393035889
4.410203456878662
4.677101135253906
4.546693325042725
4.486572265625
4.553797721862793
4.634209632873535
4.4045586585998535
4.489014625549316
4.530024528503418
4.438652992248535
4.512829780578613
4.489623069763184
4.344871997833252
4.538449287414551
4.742612361907959
4.565255165100098
4.54633903503418
4.405740261077881
4.583928108215332
4.501089572906494
4.521672248840332
4.641014575958252
4.598743438720703
4.367257118225098
4.509016990661621
4.619516849517822
4.4636311531066895
4.553415298461914
4.498659610748291
4.512844562530518
4.574224472045898
4.538359642028809
4.482854843139648
4.575896263122559
4.501589775085449
4.526091575622559
4.6105637550354
4.514918327331543
4.432356357574463
4.543111801147461
4.504122257232666
4.511379241943359
4.541104316711426
4.552949905395508
4.500781536102295
4.602499961853027
4.494874954223633
4.415590763092041
4.635293006896973
4.531813144683838
4.678109169006348
4.588098049163818
4.619908332824707
4.430569648742676
4.613437175750732
4.620206356048584
4.516605377197266
4.573787212371826
4.550727367401123
4.653977394104004
4.548122406005859
4.672907829284668
4.534698486328125
4.565157890319824
4.661510467529297
4.614616870880127
4.60693359375
4.516726493835449
4.598587989807129
4.545491695404053
4.492817401885986
4.657139301300049
4.3789215087890625
4.513111114501953
4.4407782554626465
4.540505409240723
4.445997714996338
4.449660301208496
4.679078102111816
4.490585803985596
4.507261276245117
4.472549915313721
4.623309135437012
4.533722877502441
4.452200889587402
4.708669185638428
4.615267753601074
4.55728816986084
4.511656761169434
4.531152725219727
4.720975875854492
4.638274192810059
4.657598972320557
4.581587791442871
4.648436546325684
4.622584819793701
4.449166774749756
4.5526862144470215
4.468044281005859
4.6058125495910645
4.574731349945068
4.589144229888916
4.545017242431641
4.6133623123168945
4.425591945648193
4.5950093269348145
4.414322853088379
4.705611228942871
4.569348335266113
4.6227264404296875
4.495249271392822
4.630166053771973
4.530449390411377
4.485590934753418
4.555454254150391
4.541134357452393
4.4294328689575195
4.561371803283691
4.449489116668701
4.440835952758789
4.463831901550293
4.460301399230957
4.546000957489014
4.47029972076416
4.416888236999512
4.513377666473389
4.663736820220947
4.462521553039551
4.589899063110352
4.59395694732666
4.597987651824951
4.594895362854004
4.355412006378174
4.593986511230469
4.587087631225586
4.458802700042725
4.54387903213501
4.50760555267334
4.677159309387207
4.3630571365356445
4.502057075500488
4.329497337341309
4.486828327178955
4.541433811187744
4.715849876403809
4.512670040130615
4.569841384887695
4.4700727462768555
4.4667487144470215
4.471742153167725
4.72475528717041
4.593153953552246
4.462172508239746
4.522912502288818
4.474090099334717
4.492180824279785
4.572067737579346
4.551482200622559
4.470854759216309
4.596001625061035
4.43729829788208
4.426640033721924
4.550662517547607
4.4635772705078125
4.568833351135254
4.464631080627441
4.4496917724609375
4.465348243713379
4.481411457061768
4.602014541625977
4.337846279144287
4.624599456787109
4.60357141494751
4.479273796081543
4.711428165435791
4.571516036987305
4.411534309387207
4.645930290222168
4.44118070602417
4.508003234863281
4.604499340057373
4.686967849731445
4.513151168823242
4.528026580810547
4.622060775756836
4.563295364379883
4.549429416656494
4.5314249992370605
4.480673789978027
4.5755181312561035
4.6854658126831055
4.481715202331543
4.548399925231934
4.6348748207092285
4.553093433380127
4.453051567077637
4.574117660522461
4.626707077026367
4.501574516296387
4.495277404785156
4.638792037963867
4.48918342590332
4.449629306793213
4.496646404266357
4.570847988128662
4.649014472961426
4.497494697570801
4.485982418060303
4.480644702911377
4.4845194816589355
4.50579833984375
4.515210151672363
4.449135780334473
4.618741035461426
4.51570987701416
4.506552219390869
4.484889030456543
4.561766624450684
4.604275703430176
4.553152084350586
4.63856840133667
4.4741716384887695
4.752331733703613
4.398592472076416
4.521755218505859
4.557436943054199
4.559811592102051
4.560873508453369
4.609969615936279
4.467215061187744
4.476934432983398
4.584863185882568
4.516210079193115
4.566436767578125
4.651362895965576
